# AFGL atmospheric constituent profile. midlatitude winter. ( AFGL-TR-86-0110)       
#     z(km)      p(mb)        T(K)    air(cm-3)    o3(cm-3)     o2(cm-3)    h2o(cm-3)    co2(cm-3)     no2(cm-3)
    120.000     0.00004     333.000 7.830151E+11 3.918000E+02 5.681100E+10 1.567200E+05 2.742600E+07 1.183236E+02
    115.000     0.00006     293.000 1.478242E+12 7.395000E+03 1.390260E+11 3.549600E+05 5.916000E+07 2.292450E+02
    110.000     0.00011     259.500 2.950186E+12 1.476000E+05 3.542400E+11 8.265599E+05 1.771200E+08 4.693680E+02
    105.000     0.00020     237.100 6.109564E+12 1.222800E+06 8.559601E+11 2.078760E+06 6.725400E+08 1.002696E+03
    100.000     0.00041     218.600 1.349841E+13 5.404000E+06 2.161600E+12 5.404000E+06 2.634450E+09 2.296700E+03
     95.000     0.00088     208.300 3.049454E+13 2.441600E+07 5.493600E+12 1.648080E+07 8.240400E+09 5.371520E+03
     90.000     0.00198     199.500 7.188431E+13 5.755200E+07 1.366860E+13 6.114900E+07 2.230140E+10 1.316502E+04
     85.000     0.00456     199.800 1.653032E+14 9.097000E+07 3.308000E+13 2.199820E+08 5.292800E+10 3.175680E+04
     80.000     0.01030     210.100 3.550774E+14 8.171900E+07 7.425770E+13 7.106000E+08 1.165384E+11 7.177059E+04
     75.000     0.02220     220.400 7.295469E+14 1.825250E+08 1.525909E+14 1.971270E+09 2.409330E+11 1.569715E+05
     70.000     0.04700     230.700 1.475577E+15 4.726400E+08 3.086930E+14 4.874100E+09 4.874100E+11 3.411870E+05
     65.000     0.09500     240.900 2.856266E+15 1.571900E+09 5.973220E+14 1.143200E+10 9.431400E+11 7.230740E+05
     60.000     0.18800     250.800 5.429278E+15 5.433000E+09 1.135497E+15 2.444850E+10 1.792890E+12 1.548405E+06
     55.000     0.36200     260.600 1.006111E+16 1.711900E+10 2.104630E+15 4.883950E+10 3.323100E+12 3.413730E+06
     50.000     0.68300     265.700 1.861834E+16 5.123250E+10 3.893670E+15 9.221850E+10 6.147900E+12 8.253090E+06
     47.500     0.94000     265.100 2.568206E+16 9.509000E+10 5.371300E+15 1.285000E+11 8.481000E+12 1.711620E+07
     45.000     1.29000     258.500 3.614440E+16 1.663820E+11 7.559530E+15 1.808500E+11 1.193610E+13 4.159550E+07
     42.500     1.80000     250.800 5.198245E+16 3.069180E+11 1.087218E+16 2.601000E+11 1.716660E+13 1.128834E+08
     40.000     2.53000     243.200 7.534749E+16 5.202600E+11 1.575860E+16 3.732300E+11 2.488200E+13 3.038620E+08
     37.500     3.60000     235.500 1.107193E+17 7.977600E+11 2.315720E+16 5.429200E+11 3.656400E+13 6.936080E+08
     35.000     5.18000     227.900 1.646256E+17 1.169370E+12 3.442230E+16 7.987950E+11 5.435100E+13 1.199016E+09
     32.500     7.56000     220.400 2.484403E+17 1.690480E+12 5.195740E+16 1.193280E+12 8.203800E+13 1.792406E+09
     30.000    11.10000     217.400 3.698071E+17 2.257610E+12 7.735090E+16 1.757975E+12 1.221330E+14 2.279816E+09
     27.500    16.46000     215.500 5.532155E+17 3.100160E+12 1.157024E+17 2.601920E+12 1.826880E+14 2.662816E+09
     25.000    24.40000     215.200 8.212197E+17 4.191180E+12 1.717562E+17 3.821370E+12 2.711940E+14 3.073532E+09
     24.000    28.60000     215.200 9.625772E+17 4.527510E+12 2.013297E+17 4.431180E+12 3.178890E+14 2.947698E+09
     23.000    33.40000     215.200 1.124129E+18 4.837501E+12 2.351250E+17 5.118751E+12 3.712500E+14 2.902500E+09
     22.000    39.10000     215.200 1.315971E+18 5.136300E+12 2.752530E+17 5.966010E+12 4.346100E+14 2.844720E+09
     21.000    45.80000     215.200 1.541470E+18 5.400500E+12 3.224870E+17 6.943500E+12 5.091900E+14 2.715680E+09
     20.000    53.70000     215.200 1.807356E+18 5.246100E+12 3.780810E+17 8.140500E+12 5.969700E+14 2.514510E+09
     19.000    62.80000     215.200 2.113631E+18 4.864500E+12 4.420350E+17 9.517500E+12 6.979500E+14 2.241900E+09
     18.000    73.60000     215.700 2.471380E+18 4.451400E+12 5.168570E+17 1.112850E+13 8.160900E+14 1.906683E+09
     17.000    86.10000     216.200 2.884426E+18 4.040400E+12 6.031740E+17 1.298700E+13 9.523800E+14 1.497834E+09
     16.000   100.70000     216.700 3.365754E+18 3.704800E+12 7.039120E+17 1.549280E+13 1.111440E+15 1.074392E+09
     15.000   117.80000     217.200 3.928234E+18 3.537900E+12 8.215790E+17 1.847570E+13 1.297230E+15 6.722010E+08
     14.000   137.80000     217.700 4.584612E+18 3.670400E+12 9.588920E+17 2.202240E+13 1.514040E+15 3.431824E+08
     13.000   161.10001     218.200 5.347523E+18 3.764963E+12 1.118359E+18 2.675500E+13 1.765830E+15 2.381195E+08
     12.000   188.20000     218.700 6.232793E+18 3.263198E+12 1.303533E+18 3.742200E+13 2.058210E+15 1.964655E+08
     11.000   219.89999     219.200 7.266018E+18 2.635010E+12 1.519639E+18 7.271000E+13 2.399430E+15 1.905002E+08
     10.000   256.79999     219.700 8.465970E+18 2.007864E+12 1.770648E+18 2.507712E+14 2.795760E+15 2.016336E+08
      9.000   299.29999     225.700 9.604770E+18 1.506200E+12 2.008908E+18 5.350039E+14 3.171960E+15 2.229984E+08
      8.000   347.29999     231.700 1.085652E+19 1.128354E+12 2.269740E+18 1.169622E+15 3.583800E+15 2.497800E+08
      7.000   401.60001     237.700 1.223704E+19 9.666475E+11 2.560250E+18 2.843225E+15 4.042500E+15 2.817500E+08
      6.000   462.70001     243.700 1.375168E+19 8.031712E+11 2.875840E+18 7.021728E+15 4.540800E+15 3.164800E+08
      5.000   531.29999     249.700 1.541108E+19 7.278240E+11 3.222780E+18 1.270762E+16 5.088600E+15 3.546600E+08
      4.000   608.09998     255.700 1.722488E+19 6.149508E+11 3.603160E+18 2.206720E+16 5.689200E+15 3.965200E+08
      3.000   693.79999     261.700 1.920182E+19 6.150400E+11 4.016980E+18 4.013136E+16 6.342600E+15 4.420600E+08
      2.000   789.70001     265.200 2.156753E+19 6.148142E+11 4.510220E+18 6.016504E+16 7.121400E+15 4.963400E+08
      1.000   897.29999     268.700 2.418699E+19 6.776000E+11 5.057800E+18 8.358680E+16 7.986000E+15 5.566000E+08
      0.000  1018.00000     272.200 2.708766E+19 7.531159E+11 5.665990E+18 1.170068E+17 8.946300E+15 6.235300E+08
